name: tfpy2.7
channels:
  - pytorch
  - conda-forge
  - defaults
dependencies:
  - _libgcc_mutex=0.1=main
  - astor=0.7.1=py_0
  - attrs=19.3.0=py_0
  - backports=1.0=py_2
  - backports.shutil_get_terminal_size=1.0.0=py27_2
  - backports.weakref=1.0.post1=py27_1000
  - backports_abc=0.5=py27_0
  - blas=1.0=mkl
  - bleach=1.5.0=py27_0
  - c-ares=1.15.0=h516909a_1001
  - ca-certificates=2019.11.28=hecc5488_0
  - certifi=2019.11.28=py27_0
  - cffi=1.13.2=py27h2e261b9_0
  - configparser=4.0.2=py27_0
  - contextlib2=0.6.0.post1=py_0
  - cuda80=1.0=h205658b_0
  - cudatoolkit=9.0=h13b8566_0
  - cudnn=7.6.5=cuda9.0_0
  - cupti=9.0.176=0
  - decorator=4.4.1=py_0
  - defusedxml=0.6.0=py_0
  - entrypoints=0.3=py27_0
  - freetype=2.9.1=h8a8886c_1
  - funcsigs=1.0.2=py_3
  - functools32=3.2.3.2=py27_1
  - futures=3.3.0=py27_0
  - gast=0.3.3=py_0
  - gmp=6.1.2=h6c8ec71_1
  - html5lib=0.9999999=py27_0
  - importlib_metadata=1.3.0=py27_0
  - intel-openmp=2020.0=166
  - ipaddress=1.0.23=py_0
  - ipykernel=4.10.0=py27_0
  - ipython=5.8.0=py27_0
  - ipython_genutils=0.2.0=py27_0
  - ipywidgets=7.4.2=py_0
  - jinja2=2.11.1=py_0
  - jpeg=9b=h024ee3a_2
  - jsonschema=3.2.0=py27_0
  - jupyter_client=5.3.4=py27_0
  - jupyter_core=4.6.1=py27_0
  - libedit=3.1.20181209=hc058e9b_0
  - libffi=3.2.1=hd88cf55_4
  - libgcc-ng=9.1.0=hdf63c60_0
  - libgfortran-ng=7.3.0=hdf63c60_0
  - libpng=1.6.37=hbc83047_0
  - libprotobuf=3.11.4=h8b12597_0
  - libsodium=1.0.16=h1bed415_0
  - libstdcxx-ng=9.1.0=hdf63c60_0
  - libtiff=4.1.0=h2733197_0
  - markdown=3.1.1=py_0
  - markupsafe=1.1.1=py27h7b6447c_0
  - mistune=0.8.4=py27h7b6447c_0
  - mkl=2020.0=166
  - mkl-service=2.3.0=py27he904b0f_0
  - mkl_fft=1.0.15=py27ha843d7b_0
  - mkl_random=1.1.0=py27hd6b4f25_0
  - more-itertools=5.0.0=py27_0
  - nbconvert=5.6.1=py27_0
  - nbformat=4.4.0=py27_0
  - ncurses=6.2=he6710b0_0
  - ninja=1.9.0=py27hfd86e86_0
  - notebook=5.7.8=py27_0
  - numpy=1.16.6=py27hbc911f0_0
  - numpy-base=1.16.6=py27hde5b4d6_0
  - olefile=0.46=py27_0
  - openssl=1.1.1d=h516909a_0
  - pandoc=2.2.3.2=0
  - pandocfilters=1.4.2=py27_1
  - pathlib2=2.3.5=py27_0
  - pexpect=4.7.0=py27_0
  - pickleshare=0.7.5=py27_0
  - prometheus_client=0.7.1=py_0
  - prompt_toolkit=1.0.15=py27_0
  - protobuf=3.11.4=py27he1b5a44_0
  - ptyprocess=0.6.0=py27_0
  - pycparser=2.19=py27_0
  - pygments=2.5.2=py_0
  - pyrsistent=0.15.6=py27h7b6447c_0
  - python=2.7.15=h9bab390_6
  - python-dateutil=2.8.1=py_0
  - pytorch=1.0.0=py2.7_cuda8.0.61_cudnn7.1.2_1
  - pyzmq=18.1.0=py27he6710b0_0
  - readline=7.0=h7b6447c_5
  - scandir=1.10.0=py27h7b6447c_0
  - scipy=1.2.1=py27h7c811a0_0
  - send2trash=1.5.0=py27_0
  - simplegeneric=0.8.1=py27_2
  - singledispatch=3.4.0.3=py27_0
  - sqlite=3.31.1=h7b6447c_0
  - tensorboard=1.6.0=py27_0
  - tensorflow=1.6.0=py27_0
  - tensorflow-gpu=1.6.0=0
  - tensorflow-gpu-base=1.6.0=py27hcdda91b_1
  - termcolor=1.1.0=py_2
  - terminado=0.8.3=py27_0
  - testpath=0.4.4=py_0
  - tk=8.6.8=hbc83047_0
  - torchvision=0.2.1=py_2
  - tornado=5.1.1=py27h7b6447c_0
  - traitlets=4.3.3=py27_0
  - wcwidth=0.1.8=py_0
  - webencodings=0.5.1=py27_1
  - wheel=0.33.6=py27_0
  - widgetsnbextension=3.4.2=py27_0
  - xz=5.2.4=h14c3975_4
  - zeromq=4.3.1=he6710b0_3
  - zipp=0.6.0=py_0
  - zlib=1.2.11=h7b6447c_3
  - zstd=1.3.7=h0b5b093_0
  - pip:
    - absl-py==0.5.0
    - cachetools==3.1.1
    - chardet==3.0.4
    - enum34==1.1.6
    - google-auth==1.11.2
    - google-auth-oauthlib==0.4.1
    - grpcio==1.27.2
    - h5py==2.8.0
    - idna==2.9
    - matplotlib==2.2.3
    - mock==2.0.0
    - oauthlib==3.1.0
    - pbr==4.3.0
    - pillow==5.3.0
    - pip==18.1
    - pyasn1==0.4.8
    - pyasn1-modules==0.2.8
    - requests==2.23.0
    - requests-oauthlib==1.3.0
    - rsa==4.0
    - scikit-learn==0.20.2
    - setuptools==44.0.0
    - six==1.11.0
    - tensorflow-tensorboard==0.1.8
    - tflearn==0.3.2
    - urllib3==1.25.8
    - werkzeug==0.14.1

